Date       UT      R.A. (J2000) Decl.    Delta     r     El.    Ph.   m1     Sky Motion
            h m s                                                            "/min    P.A.
2020 04 20 000000  090.760   +64.471     0.979   1.110   68.1  57.1   6.4    1.48    235.4
2020 04 21 000000  089.641   +64.129     0.974   1.090   66.8  57.9   6.3    1.49    234.3
2020 04 22 000000  088.547   +63.778     0.970   1.070   65.5  58.8   6.2    1.49    233.3
2020 04 23 000000  087.476   +63.416     0.965   1.049   64.3  59.7   6.1    1.50    232.3
2020 04 24 000000  086.426   +63.043     0.961   1.028   63.0  60.6   6.0    1.51    231.3
2020 04 25 000000  085.395   +62.660     0.956   1.007   61.7  61.6   5.9    1.53    230.4
2020 04 26 000000  084.380   +62.265     0.951   0.986   60.5  62.6   5.8    1.54    229.5
2020 04 27 000000  083.379   +61.858     0.945   0.965   59.2  63.6   5.7    1.56    228.6
2020 04 28 000000  082.389   +61.438     0.940   0.944   57.9  64.6   5.6    1.59    227.8
2020 04 29 000000  081.410   +61.004     0.934   0.922   56.6  65.7   5.5    1.62    227.0
2020 04 30 000000  080.438   +60.556     0.929   0.901   55.3  66.8   5.4    1.65    226.2
2020 05 01 000000  079.471   +60.090     0.923   0.879   54.0  68.0   5.3    1.69    225.4
2020 05 02 000000  078.508   +59.608     0.916   0.857   52.6  69.2   5.1    1.73    224.7
2020 05 03 000000  077.545   +59.105     0.910   0.835   51.3  70.4   5.0    1.78    223.9
2020 05 04 000000  076.582   +58.581     0.903   0.813   49.9  71.8   4.9    1.84    223.2
2020 05 05 000000  075.616   +58.032     0.897   0.790   48.6  73.1   4.7    1.90    222.4
2020 05 06 000000  074.645   +57.458     0.890   0.768   47.2  74.6   4.6    1.97    221.6
2020 05 07 000000  073.668   +56.853     0.883   0.745   45.8  76.1   4.4    2.05    220.8
2020 05 08 000000  072.683   +56.215     0.875   0.722   44.3  77.7   4.3    2.14    220.0
2020 05 09 000000  071.690   +55.541     0.868   0.699   42.9  79.4   4.1    2.24    219.1
2020 05 10 000000  070.686   +54.826     0.861   0.675   41.4  81.2   4.0    2.35    218.2
2020 05 11 000000  069.672   +54.065     0.853   0.652   39.8  83.2   3.8    2.47    217.3
2020 05 12 000000  068.646   +53.253     0.845   0.628   38.3  85.2   3.6    2.60    216.3
2020 05 13 000000  067.610   +52.383     0.838   0.604   36.7  87.4   3.4    2.75    215.2
2020 05 14 000000  066.563   +51.450     0.830   0.580   35.1  89.7   3.2    2.92    214.1
2020 05 15 000000  065.507   +50.446     0.823   0.556   33.4  92.2   3.0    3.10    212.9
2020 05 16 000000  064.444   +49.363     0.816   0.532   31.6  94.9   2.8    3.31    211.7
2020 05 17 000000  063.377   +48.192     0.809   0.508   29.9  97.7   2.6    3.53    210.3
2020 05 18 000000  062.310   +46.924     0.802   0.484   28.0 100.8   2.4    3.77    208.8
2020 05 19 000000  061.250   +45.549     0.796   0.460   26.2 104.1   2.1    4.03    207.3
2020 05 20 000000  060.204   +44.057     0.791   0.436   24.2 107.7   1.9    4.31    205.6
2020 05 21 000000  059.181   +42.438     0.786   0.412   22.3 111.4   1.6    4.60    203.8
2020 05 22 000000  058.195   +40.684     0.783   0.389   20.3 115.3   1.4    4.91    201.8
2020 05 23 000000  057.262   +38.788     0.781   0.366   18.4 119.4   1.1    5.22    199.6
2020 05 24 000000  056.401   +36.749     0.781   0.344   16.5 123.5   0.8    5.52    197.2
2020 05 25 000000  055.636   +34.569     0.784   0.324   14.7 127.3   0.6    5.80    194.6
2020 05 26 000000  054.994   +32.263     0.789   0.305   13.2 130.4   0.3    6.03    191.5
2020 05 27 000000  054.507   +29.853     0.797   0.288   12.1 132.4   0.1    6.19    188.0
2020 05 28 000000  054.206   +27.378     0.809   0.273   11.5 132.4  -0.1    6.24    184.0
2020 05 29 000000  054.121   +24.892     0.825   0.262   11.4 130.1  -0.2    6.18    179.4
2020 05 30 000000  054.272   +22.457     0.844   0.255   11.9 125.3  -0.3    6.00    174.0
2020 05 31 000000  054.665   +20.140     0.868   0.253   12.6 118.7  -0.3    5.72    167.9
2020 06 01 000000  055.288   +17.998     0.895   0.255   13.6 110.9  -0.2    5.39    161.2
2020 06 02 000000  056.112   +16.070     0.924   0.262   14.6 102.7   0.0    5.04    154.2
2020 06 03 000000  057.097   +14.372     0.956   0.272   15.5  94.6   0.2    4.70    147.2
2020 06 04 000000  058.200   +12.902     0.988   0.286   16.4  87.1   0.5    4.41    140.6
2020 06 05 000000  059.382   +11.641     1.021   0.303   17.1  80.3   0.9    4.15    134.5
2020 06 06 000000  060.610   +10.564     1.054   0.322   17.8  74.3   1.2    3.93    129.1
2020 06 07 000000  061.858   +09.647     1.086   0.342   18.3  68.9   1.5    3.74    124.5
2020 06 08 000000  063.107   +08.863     1.119   0.364   18.9  64.3   1.9    3.57    120.5
2020 06 09 000000  064.346   +08.191     1.150   0.387   19.3  60.2   2.2    3.42    117.1
2020 06 10 000000  065.564   +07.613     1.181   0.410   19.7  56.6   2.5    3.28    114.2
2020 06 11 000000  066.758   +07.113     1.212   0.434   20.1  53.5   2.8    3.15    111.7
2020 06 12 000000  067.924   +06.678     1.242   0.458   20.4  50.7   3.1    3.03    109.6
2020 06 13 000000  069.059   +06.297     1.271   0.482   20.7  48.2   3.3    2.92    107.8
2020 06 14 000000  070.164   +05.962     1.300   0.506   21.0  46.0   3.6    2.82    106.2
2020 06 15 000000  071.237   +05.666     1.328   0.530   21.3  44.0   3.9    2.72    104.9
2020 06 16 000000  072.280   +05.402     1.355   0.554   21.5  42.2   4.1    2.63    103.7
2020 06 17 000000  073.293   +05.166     1.382   0.578   21.8  40.6   4.3    2.55    102.7
2020 06 18 000000  074.277   +04.954     1.409   0.602   22.0  39.2   4.5    2.47    101.8
2020 06 19 000000  075.233   +04.761     1.435   0.626   22.2  37.9   4.7    2.39    101.0
2020 06 20 000000  076.162   +04.587     1.461   0.649   22.4  36.6   4.9    2.32    100.4
2020 06 21 000000  077.065   +04.427     1.486   0.673   22.6  35.5   5.1    2.25    099.8
2020 06 22 000000  077.944   +04.280     1.510   0.696   22.8  34.5   5.3    2.19    099.3
2020 06 23 000000  078.798   +04.145     1.535   0.719   23.0  33.6   5.5    2.13    098.8
2020 06 24 000000  079.630   +04.019     1.559   0.742   23.3  32.7   5.7    2.07    098.4
2020 06 25 000000  080.441   +03.901     1.582   0.765   23.5  31.9   5.8    2.01    098.1
2020 06 26 000000  081.230   +03.791     1.605   0.788   23.7  31.2   6.0    1.96    097.8
2020 06 27 000000  081.999   +03.687     1.628   0.810   23.9  30.5   6.1    1.91    097.6
2020 06 28 000000  082.750   +03.588     1.650   0.833   24.1  29.9   6.3    1.86    097.4
2020 06 29 000000  083.482   +03.494     1.672   0.855   24.3  29.3   6.4    1.82    097.2
2020 06 30 000000  084.196   +03.405     1.694   0.877   24.5  28.7   6.6    1.78    097.1
2020 07 01 000000  084.894   +03.318     1.715   0.899   24.7  28.2   6.7    1.73    097.0
2020 07 02 000000  085.575   +03.235     1.736   0.920   24.9  27.7   6.8    1.69    096.9
2020 07 03 000000  086.241   +03.155     1.757   0.942   25.1  27.3   7.0    1.66    096.9
2020 07 04 000000  086.892   +03.077     1.778   0.963   25.4  26.9   7.1    1.62    096.8
2020 07 05 000000  087.529   +03.001     1.798   0.984   25.6  26.5   7.2    1.58    096.8
2020 07 06 000000  088.152   +02.926     1.817   1.005   25.8  26.2   7.3    1.55    096.8
2020 07 07 000000  088.761   +02.853     1.837   1.026   26.1  25.8   7.4    1.52    096.9
2020 07 08 000000  089.358   +02.781     1.856   1.047   26.3  25.5   7.5    1.49    096.9
